06, 11, 23, 31, 35, 43, 48,	09
01, 13, 24, 34, 46, 50, 51,	36
03, 28, 32, 37, 40, 44, 47,	23
03, 05, 15, 21, 27, 38, 49,	18
05, 07, 08, 22, 30, 36, 37,	02
01, 07, 18, 19, 38, 48, 52,	29
08, 12, 13, 32, 40, 41, 52,	38
03, 17, 24, 35, 37, 40, 41,	31
15, 17, 18, 21, 28, 32, 46,	38
14, 23, 25, 30, 36, 38, 47,	39
09, 18, 32, 39, 41, 44, 50,	15
06, 10, 18, 23, 25, 33, 42,	16
05, 06, 16, 30, 33, 43, 51,	35
04, 17, 22, 35, 47, 49, 51,	02
05, 13, 21, 33, 41, 42, 51,	10
01, 22, 25, 31, 36, 37, 44,	13
01, 12, 28, 35, 41, 42, 52,	20
06, 07, 11, 12, 36, 46, 50,	24
11, 16, 27, 34, 40, 47, 49,	26
06, 07, 23, 28, 34, 40, 43,	52
03, 14, 15, 40, 45, 48, 49,	43
03, 04, 05, 12, 22, 32, 34,	45
11, 22, 31, 36, 42, 47, 48,	44
05, 15, 22, 24, 34, 37, 49,	02
07, 10, 18, 32, 42, 43, 50,	45
06, 12, 18, 24, 32, 34, 45,	51
02, 06, 08, 33, 35, 43, 44,	21
03, 04, 09, 15, 21, 26, 48,	16
09, 13, 15, 25, 27, 35, 52,	39
09, 11, 14, 17, 18, 33, 41,	12
11, 14, 26, 31, 36, 39, 43,	06
02, 12, 16, 19, 24, 29, 48,	10
07, 12, 29, 38, 39, 44, 52,	35
04, 13, 20, 31, 37, 43, 51,	09
01, 11, 16, 20, 28, 32, 45,	50
03, 08, 15, 19, 23, 29, 37,	04
02, 04, 06, 25, 38, 44, 47,	34
06, 11, 31, 38, 40, 46, 50,	37
05, 34, 37, 38, 48, 49, 50,	09
06, 11, 32, 33, 34, 39, 49,	45
02, 14, 25, 31, 36, 41, 47,	13
07, 10, 24, 25, 34, 45, 49,	44
06, 07, 23, 25, 29, 30, 38,	31
14, 16, 22, 28, 33, 37, 48,	47
03, 06, 12, 21, 28, 35, 41,	47
01, 03, 04, 18, 20, 23, 31,	02
07, 09, 22, 24, 34, 36, 37,	19
06, 08, 10, 25, 27, 30, 31,	44
15, 16, 29, 31, 32, 45, 49,	25
10, 11, 18, 22, 28, 34, 36,	45
03, 13, 26, 36, 41, 42, 43,	37
04, 07, 17, 26, 28, 30, 35,	10
06, 23, 25, 29, 40, 45, 48,	33
04, 19, 20, 31, 34, 45, 48,	40
30, 34, 38, 43, 44, 46, 49,	47
05, 09, 24, 30, 36, 39, 43,	21
03, 09, 13, 16, 18, 27, 29,	02
03, 09, 15, 17, 22, 31, 33,	50
06, 09, 13, 41, 43, 45, 48,	34
14, 18, 21, 22, 32, 42, 46,	33
09, 21, 26, 31, 34, 36, 43,	46
12, 21, 26, 31, 37, 39, 50,	03
05, 09, 11, 22, 30, 41, 43,	49
05, 21, 32, 38, 43, 44, 45,	49
02, 06, 14, 20, 43, 46, 47,	19
03, 28, 37, 38, 39, 41, 43,	45
03, 05, 20, 29, 35, 38, 46, 24
01, 06, 31, 35, 37, 45, 49,	11
04, 16, 25, 28, 36, 38, 41,	09
03, 19, 20, 29, 30, 34, 49,	22
04, 15, 32, 34, 40, 45, 48,	07
07, 08, 16, 21, 33, 34, 37,	20
01, 07, 12, 16, 28, 47, 50,	45
12, 15, 16, 19, 21, 40, 48,	04
07, 08, 20, 30, 39, 40, 47,	34
10, 18, 21, 28, 32, 38, 41,	47
01, 07, 17, 23, 27, 35, 43,	04
01, 04, 08, 18, 27, 42, 50,	19
05, 28, 31, 33, 39, 40, 49,	45
03, 04, 24, 26, 28, 32, 33,	45
12, 14, 22, 29, 30, 46, 48,	31
06, 14, 17, 19, 26, 43, 45,	27
09, 16, 22, 31, 36, 44, 47,	40
01, 07, 17, 18, 25, 28, 45,	12
04, 19, 20, 23, 24, 43, 45,	05
03, 09, 12, 15, 28, 30, 37,	01
04, 09, 10, 16, 33, 45, 50,	36
05, 06, 16, 26, 29, 37, 44,	46
10, 17, 22, 30, 36, 42, 45,	33
14, 22, 27, 31, 33, 39, 50,	07
10, 11, 21, 23, 32, 36, 45,	13
08, 09, 23, 30, 38, 40, 43,	41
03, 08, 16, 26, 37, 40, 44,	05
12, 18, 25, 30, 31, 38, 43,	34
02, 03, 07, 09, 13, 23, 41,	42
02, 08, 18, 25, 27, 34, 42,	10
04, 16, 20, 30, 34, 46, 50,	40
04, 14, 22, 35, 37, 38, 49,	45
03, 05, 12, 18, 20, 31, 34,	16
03, 07, 14, 22, 29, 33, 50, 43
05, 08, 09, 21, 22, 30, 45, 16
07, 10, 11, 17, 19, 34, 45,	36
04, 09, 19, 21, 27, 41, 44,	11
15, 16, 21, 27, 28, 33, 39,	10
07, 08, 18, 28, 31, 36, 41,	01
04, 08, 12, 26, 29, 33, 37,	24
12, 21, 26, 35, 39, 44, 50,	18
10, 13, 15, 17, 33, 37, 46,	03
09, 10, 22, 29, 35, 37, 46,	38
02, 03, 08, 10, 42, 46, 47,	20
09, 14, 33, 40, 41, 43, 44,	04
03, 04, 07, 14, 24, 41, 43,	27
04, 05, 10, 34, 36, 44, 50,	23
07, 08, 18, 27, 38, 48, 50, 05
06, 14, 23, 31, 34, 35, 42, 01
02, 05, 14, 26, 33, 35, 36,	10
08, 12, 15, 27, 31, 42, 47,	41
01, 02, 07, 32, 45, 46, 48,	24
14, 17, 20, 24, 42, 47, 50,	25
02, 10, 25, 36, 46, 48, 50,	29
02, 28, 34, 37, 40, 46, 47,	32
05, 09, 20, 31, 37, 49, 50,	29
02, 05, 08, 09, 24, 28, 32,	22
06, 29, 39, 40, 42, 44, 48,	22
07, 09, 18, 24, 25, 31, 48,	14
05, 07, 11, 18, 26, 41, 46,	43
13, 19, 23, 26, 36, 39, 47,	07
03, 07, 13, 14, 20, 21, 45,	05
20, 22, 25, 31, 34, 37, 46,	50
10, 11, 13, 20, 24, 44, 46,	09
06, 10, 16, 17, 30, 38, 48,	25
05, 13, 15, 20, 45, 48, 49,	19
04, 09, 19, 22, 23, 32, 41,	34
03, 11, 14, 29, 33, 38, 45,	18
05, 06, 14, 17, 31, 40, 48,	02
05, 19, 25, 31, 34, 38, 48,	15
01, 03, 05, 06, 14, 18, 34,	07
12, 20, 21, 27, 36, 40, 42,	05
06, 23, 24, 43, 44, 49, 50,	34
10, 12, 22, 24, 31, 40, 41,	19
06, 18, 22, 40, 41, 43, 46,	04
06, 18, 27, 30, 31, 43, 48,	14
07, 13, 33, 40, 44, 49, 50,	32
01, 10, 16, 36, 39, 45, 47,	04
20, 26, 30, 32, 36, 40, 48,	50
04, 14, 20, 36, 38, 42, 45,	43
18, 19, 22, 27, 30, 38, 50,	24
02, 10, 19, 21, 29, 35, 40,	46
04, 12, 28, 36, 38, 45, 50,	49
15, 21, 26, 35, 36, 43, 45,	41
04, 06, 15, 16, 35, 43, 44,	29
07, 19, 20, 30, 34, 47, 50,	38
03, 05, 08, 25, 29, 32, 43,	31
05, 13, 18, 25, 34, 36, 44,	01
01, 07, 20, 27, 30, 35, 48,	44
01, 08, 17, 22, 39, 45, 46,	23
10, 11, 20, 21, 27, 32, 49,	35
10, 14, 16, 27, 35, 40, 50,	22
02, 08, 09, 16, 27, 37, 38,	30
03, 13, 19, 43, 46, 47, 50,	27
22, 27, 29, 35, 39, 45, 46,	33
13, 15, 21, 35, 36, 42, 47,	38
10, 17, 19, 25, 28, 34, 41,	33
09, 12, 13, 25, 27, 44, 48,	14
01, 02, 11, 19, 27, 28, 36,	21
14, 20, 21, 24, 26, 35, 44,	34
03, 10, 19, 27, 33, 37, 38,	07
07, 09, 11, 16, 17, 20, 33,	48
02, 06, 13, 31, 35, 37, 39,	49
02, 10, 15, 16, 31, 34, 43,	46
05, 06, 07, 24, 27, 29, 32,	47
13, 16, 27, 39, 43, 45, 50,	36
02, 17, 20, 22, 32, 33, 47,	24
03, 06, 22, 30, 32, 40, 46,	19
08, 21, 29, 31, 37, 38, 41,	12
09, 14, 21, 26, 29, 32, 41,	47
06, 17, 26, 29, 30, 39, 49,	02
20, 24, 31, 33, 36, 41, 49,	50
04, 06, 09, 21, 40, 42, 43,	24
02, 10, 16, 18, 22, 44, 50,	42
02, 07, 10, 14, 27, 32, 35,	44
01, 12, 13, 24, 28, 36, 39,	35
02, 16, 25, 38, 40, 41, 44,	26
01, 02, 09, 22, 26, 32, 47,	35
07, 16, 22, 28, 30, 34, 41,	44
20, 26, 28, 29, 35, 39, 47,	46
03, 15, 23, 24, 31, 33, 47,	22
07, 08, 23, 30, 32, 33, 49,	22
06, 12, 13, 21, 24, 30, 47,	34
08, 12, 19, 20, 26, 32, 46,	27
07, 20, 24, 33, 44, 48, 49,	43
10, 11, 13, 20, 22, 27, 48,	21
02, 09, 20, 27, 40, 45, 49,	50
11, 12, 28, 32, 36, 38, 41,	44
04, 06, 08, 16, 21, 36, 50,	09
01, 11, 21, 38, 40, 43, 45,	20
04, 08, 26, 32, 35, 36, 37,	33
09, 12, 13, 15, 29, 30, 41,	47
05, 16, 22, 24, 31, 33, 38,	30
05, 16, 18, 20, 23, 28, 39,	08
04, 06, 10, 22, 32, 39, 50,	19
06, 07, 10, 14, 28, 29, 46,	44
04, 17, 25, 38, 41, 46, 50,	14
04, 05, 09, 15, 33, 37, 42,	30
02, 11, 12, 21, 24, 38, 39,	33
05, 07, 12, 18, 33, 40, 50,	15
13, 28, 30, 34, 40, 45, 49,	09
11, 16, 22, 25, 31, 41, 44,	30
07, 12, 13, 30, 38, 46, 48,	28
03, 18, 26, 28, 37, 39, 40,	16
01, 04, 11, 35, 42, 45, 49,	36
03, 08, 15, 29, 34, 38, 39,	17
04, 12, 14, 16, 27, 35, 41,	32
01, 03, 17, 18, 20, 23, 29,	35
10, 11, 18, 26, 36, 40, 49,	28
06, 07, 08, 11, 35, 41, 44,	10
19, 22, 29, 33, 41, 45, 50,	44
02, 06, 14, 19, 25, 27, 44,	32
01, 10, 11, 16, 19, 23, 39,	50
01, 05, 11, 12, 13, 23, 33,	21
03, 11, 28, 40, 43, 44, 45,	04
08, 12, 32, 33, 34, 46, 47,	13
17, 19, 32, 34, 37, 44, 45,	22
05, 11, 29, 31, 38, 39, 49,	41
03, 30, 39, 44, 45, 47, 49,	46
02, 03, 12, 15, 32, 33, 36,	09
05, 06, 12, 15, 18, 34, 37,	07
01, 04, 18, 19, 23, 28, 29,	43
02, 06, 09, 21, 22, 32, 43,	03
01, 06, 09, 11, 31, 39, 50,	35
01, 04, 06, 07, 34, 40, 46,	02
05, 13, 27, 28, 32, 45, 50,	44
10, 15, 18, 27, 28, 32, 43,	08
02, 04, 14, 28, 29, 30, 43,	34
03, 22, 32, 43, 46, 47, 48,	49
03, 05, 16, 20, 31, 34, 38,	17
05, 08, 18, 21, 23, 31, 48,	40
02, 03, 23, 36, 38, 40, 48,	42
07, 14, 17, 26, 29, 38, 39,	18
06, 07, 14, 15, 28, 39, 42,	37
15, 19, 22, 28, 34, 36, 46,	25
17, 25, 30, 35, 36, 44, 50,	10
04, 05, 22, 30, 44, 46, 50,	34
04, 08, 18, 24, 26, 35, 46,	05
11, 23, 36, 38, 42, 43, 49,	27
01, 14, 17, 19, 23, 42, 48,	39
21, 24, 25, 26, 31, 42, 43,	30
02, 07, 19, 28, 36, 37, 44,	10
03, 16, 19, 21, 24, 40, 46,	39
22, 24, 31, 33, 39, 45, 46,	02
03, 15, 20, 21, 23, 24, 34,	38
01, 03, 06, 19, 21, 33, 47,	10
02, 04, 07, 25, 33, 43, 49,	38
15, 17, 23, 32, 38, 46, 47,	44
14, 18, 22, 25, 34, 40, 46,	30
08, 16, 24, 28, 40, 41, 47,	10
01, 04, 23, 24, 31, 40, 48,	38
04, 19, 29, 34, 41, 44, 46,	31
13, 16, 18, 29, 35, 36, 49,	34
05, 08, 16, 32, 36, 41, 42,	12
10, 16, 21, 29, 42, 44, 50,	26
07, 09, 14, 18, 22, 32, 42,	02
01, 06, 12, 18, 26, 27, 40,	42
07, 11, 21, 22, 24, 26, 35,	32
04, 09, 25, 31, 41, 48, 49,	07
11, 20, 27, 28, 32, 36, 50,	02
02, 09, 10, 14, 42, 43, 44,	25
05, 06, 07, 18, 22, 34, 36,	26
01, 02, 12, 20, 24, 26, 28,	13
03, 06, 11, 24, 29, 45, 50,	16
09, 10, 16, 29, 36, 37, 50,	20
03, 06, 09, 25, 30, 36, 42,	34
01, 11, 13, 17, 42, 45, 49,	23
08, 16, 19, 25, 30, 33, 47,	10
02, 03, 04, 13, 21, 35, 38,	50
01, 02, 13, 15, 20, 21, 45,	08
02, 06, 22, 23, 28, 30, 42,	43
08, 09, 11, 23, 25, 32, 34,	20
03, 04, 08, 10, 38, 43, 47,	18
04, 12, 15, 22, 36, 44, 46,	33
01, 18, 25, 26, 30, 34, 39,	20
02, 24, 25, 28, 36, 37, 46,	26
07, 13, 30, 34, 37, 38, 42,	35
02, 23, 28, 30, 31, 33, 37,	50
09, 14, 15, 19, 45, 47, 50,	33
07, 12, 15, 16, 35, 45, 48,	10
04, 06, 16, 19, 29, 31, 44,	22
05, 07, 09, 10, 19, 24, 40,	18
22, 23, 25, 26, 35, 40, 44,	33
06, 17, 25, 28, 30, 34, 36,	15
04, 15, 16, 17, 23, 27, 47,	01
03, 18, 19, 21, 25, 46, 50,	22
02, 07, 15, 16, 18, 19, 25,	35
08, 17, 20, 23, 28, 31, 33,	45
05, 06, 12, 28, 33, 41, 47,	01
04, 17, 20, 23, 25, 27, 41,	07
01, 07, 10, 15, 30, 34, 47,	29
02, 12, 19, 26, 34, 44, 46,	41
03, 07, 13, 20, 22, 25, 47,	23
12, 13, 19, 26, 33, 39, 43,	02
04, 07, 13, 20, 24, 30, 48,	05
01, 02, 11, 27, 31, 35, 44,	18
06, 07, 09, 12, 13, 32, 37,	15
15, 22, 25, 29, 30, 31, 34,	18
08, 20, 23, 26, 38, 45, 47,	33
01, 07, 15, 30, 36, 37, 46,	14
13, 17, 19, 22, 26, 28, 40,	20
07, 12, 17, 18, 37, 38, 45,	40
02, 07, 12, 19, 38, 42, 50,	39
01, 07, 29, 36, 40, 42, 50,	35
13, 15, 20, 29, 31, 48, 49,	18
07, 08, 23, 28, 29, 31, 37,	43
07, 19, 22, 34, 44, 46, 49,	26
02, 11, 16, 21, 32, 44, 47,	13
02, 13, 26, 28, 30, 43, 46,	24
04, 17, 26, 28, 29, 41, 48,	16
15, 16, 17, 18, 43, 44, 48,	50
04, 08, 14, 25, 28, 40, 41,	06
02, 04, 05, 15, 29, 40, 49,	42
03, 11, 23, 27, 39, 44, 48,	17
05, 16, 23, 24, 31, 40, 48,	03
12, 13, 28, 32, 34, 35, 40,	27
02, 09, 20, 21, 23, 32, 43,	01
01, 13, 19, 26, 35, 42, 49,	37
01, 09, 25, 31, 34, 35, 38,	36
08, 19, 21, 29, 33, 40, 46,	25
05, 10, 24, 30, 32, 43, 48,	40
11, 20, 30, 34, 41, 47, 49,	16
01, 02, 08, 12, 24, 44, 45,	26
07, 10, 12, 31, 37, 42, 44,	34
04, 07, 13, 16, 31, 32, 39,	26
01, 12, 16, 21, 29, 43, 49,	08
13, 14, 18, 19, 25, 29, 38,	36
02, 07, 09, 12, 21, 30, 37,	23
01, 07, 10, 18, 23, 24, 34,	03